Título: Torção de Barras Prismáticas
Coordenadas dos nós
96  
  1  0.e-3  0.e-3
  2  25.e-3  0.e-3
  3  50.e-3  0.e-3
  4  75.e-3  0.e-3
  5  100.e-3  0.e-3
  6  122.5e-3  0.e-3
  7  145.e-3  0.e-3
  8  167.5e-3  0.e-3
  9  190.e-3  0.e-3
 10  210.e-3  0.e-3
 11  230.e-3  0.e-3
 12  250.e-3  0.e-3
 13  270.e-3  0.e-3
 14  290.e-3  0.e-3
 15  0.e-3  30.e-3
 16  25.e-3  30.e-3
 17  50.e-3  30.e-3
 18  75.e-3  30.e-3
 19  100.e-3  30.e-3
 20  122.5e-3  30.e-3
 21  145.e-3  30.e-3
 22  167.5e-3  30.e-3
 23  190.e-3  30.e-3
 24  210.e-3  30.e-3
 25  230.e-3  30.e-3
 26  250.e-3  30.e-3
 27  270.e-3  30.e-3
 28  290.e-3  30.e-3
 29  0.e-3  60.e-3
 30  25.e-3  60.e-3
 31  50.e-3  60.e-3
 32  75.e-3  60.e-3
 33  100.e-3  60.e-3
 34  122.5e-3  60.e-3
 35  145.e-3  60.e-3
 36  167.5e-3  60.e-3
 37  190.e-3  60.e-3
 38  210.e-3  60.e-3
 39  230.e-3  60.e-3
 40  250.e-3  60.e-3
 41  270.e-3  60.e-3
 42  290.e-3  60.e-3
 43  190.e-3  80.e-3
 44  210.e-3  80.e-3
 45  230.e-3  80.e-3
 46  250.e-3  80.e-3
 47  270.e-3  80.e-3
 48  290.e-3  80.e-3
 49  190.e-3  100.e-3
 50  210.e-3  100.e-3
 51  230.e-3  100.e-3
 52  250.e-3  100.e-3
 53  270.e-3  100.e-3
 54  290.e-3  100.e-3
 55  0.e-3  120.e-3
 56  25.e-3  120.e-3
 57  50.e-3  120.e-3
 58  75.e-3  120.e-3
 59  100.e-3  120.e-3
 60  122.5e-3  120.e-3
 61  145.e-3  120.e-3
 62  167.5e-3  120.e-3
 63  190.e-3  120.e-3
 64  210.e-3  120.e-3
 65  230.e-3  120.e-3
 66  250.e-3  120.e-3
 67  270.e-3  120.e-3
 68  290.e-3  120.e-3
 69  0.e-3  150.e-3
 70  25.e-3  150.e-3
 71  50.e-3  150.e-3
 72  75.e-3  150.e-3
 73  100.e-3  150.e-3
 74  122.5e-3  150.e-3
 75  145.e-3  150.e-3
 76  167.5e-3  150.e-3
 77  190.e-3  150.e-3
 78  210.e-3  150.e-3
 79  230.e-3  150.e-3
 80  250.e-3  150.e-3
 81  270.e-3  150.e-3
 82  290.e-3  150.e-3
 83  0.e-3  180.e-3
 84  25.e-3  180.e-3
 85  50.e-3  180.e-3
 86  75.e-3  180.e-3
 87  100.e-3  180.e-3
 88  122.5e-3  180.e-3
 89  145.e-3  180.e-3
 90  167.5e-3  180.e-3
 91  190.e-3  180.e-3
 92  210.e-3  180.e-3
 93  230.e-3  180.e-3
 94  250.e-3  180.e-3
 95  270.e-3  180.e-3
 96  290.e-3  180.e-3 
Matrix de incidências/conectividades
67  0
  1   1  4   1   2  16  15
  2   1  4   2   3  17  16
  3   1  4   3   4  18  17
  4   1  4   4   5  19  18
  5   1  4   5   6  20  19
  6   1  4   6   7  21  20
  7   1  4   7   8  22  21
  8   1  4   8   9  23  22
  9   1  4   9   10  24  23
  10   1  4  10  11  25  24
  11   1  4  11  12  26  25
  12   1  4  12  13  27  26
  13   1  4  13  14  28  27
  14   1  4  15  16  30  29
  15   1  4  16  17  31  30
  16   1  4  17  18  32  31
  17   1  4  18  19  33  32
  18   1  4  19  20  34  33
  19   1  4  20  21  35  34
  20   1  4  21  22  36  35
  21   1  4  22  23  37  36
  22   1  4  23  24  38  37
  23   1  4  24  25  39  38
  24   1  4  25  26  40  39
  25   1  4  26  27  41  40
  26   1  4  27  28  42  41
  27   1  4  37  38  44  43
  28   1  4  38  39  45  44
  29   1  4  39  40  46  45
  30   1  4  40  41  47  46
  31   1  4  41  42  48  47
  32   1  4  43  44  50  49
  33   1  4  44  45  51  50
  34   1  4  45  46  52  51
  35   1  4  46  47  53  52
  36   1  4  47  48  54  53
  37   1  4  49  50  64  63
  38   1  4  50  51  65  64
  39   1  4  51  52  66  65
  40   1  4  52  53  67  66
  41   1  4  53  54  68  67
  42   1  4  55  56  70  69
  43   1  4  56  57  71  70
  44   1  4  57  58  72  71
  45   1  4  58  59  73  72
  46   1  4  59  60  74  73
  47   1  4  60  61  75  74
  48   1  4  61  62  76  75
  49   1  4  62  63  77  76
  50   1  4  63  64  78  77
  51   1  4  64  65  79  78
  52   1  4  65  66  80  79
  53   1  4  66  67  81  80
  54   1  4  67  68  82  81
  55   1  4  69  70  84  83
  56   1  4  70  71  85  84
  57   1  4  71  72  86  85
  58   1  4  72  73  87  86
  59   1  4  73  74  88  87
  60   1  4  74  75  89  88
  61   1  4  75  76  90  89
  62   1  4  76  77  91  90
  63   1  4  77  78  92  91
  64   1  4  78  79  93  92
  65   1  4  79  80  94  93
  66   1  4  80  81  95  94
  67   1  4  81  82  96  95
Propriedades material
1 
  1  1.e0  
Fontes/carregamentos distribuídos
67
  1   2
  2   2
  3   2
  4   2
  5   2
  6   2
  7   2
  8   2
  9   2
  10   2
  11   2
  12   2
  13   2
  14   2
  15   2
  16   2
  17   2
  18   2
  19   2
  20   2
  21   2
  22   2
  23   2
  24   2
  25   2
  26   2
  27   2
  28   2
  29   2
  30   2
  31   2
  32   2
  33   2
  34   2
  35   2
  36   2
  37   2
  38   2
  39   2
  40   2
  41   2
  42   2
  43   2
  44   2
  45   2
  46   2
  47   2
  48   2
  49   2
  50   2
  51   2
  52   2
  53   2
  54   2
  55   2
  56   2
  57   2
  58   2
  59   2
  60   2
  61   2
  62   2
  63   2
  64   2
  65   2
  66   2
  67   2
Condição fronteira essencial 
56 
  1  0.e0 
  2  0.e0  
  3  0.e0 
  4  0.e0 
  5  0.e0 
  6  0.e0 
  7  0.e0 
  8  0.e0 
  9  0.e0 
 10  0.e0 
 11  0.e0 
 12  0.e0 
 13  0.e0 
 14  0.e0
 15  0.e0
 28  0.e0  
 29  0.e0 
 30  0.e0 
 31  0.e0 
 32  0.e0 
 33  0.e0 
 34  0.e0 
 35  0.e0 
 36  0.e0 
 37  0.e0 
 42  0.e0 
 43  0.e0 
 48  0.e0 
 49  0.e0 
 54  0.e0 
 55  0.e0 
 56  0.e0 
 57  0.e0 
 58  0.e0 
 59  0.e0 
 60  0.e0 
 61  0.e0 
 62  0.e0 
 63  0.e0 
 68  0.e0 
 69  0.e0 
 82  0.e0 
 83  0.e0 
 84  0.e0 
 85  0.e0 
 86  0.e0 
 87  0.e0 
 88  0.e0 
 89  0.e0 
 90  0.e0 
 91  0.e0 
 92  0.e0 
 93  0.e0 
 94  0.e0 
 95  0.e0 
 96  0.e0  
Fontes/cargas pontuais impostas  
0
Fluxo imposto na fronteira
0
CF convecção natural
0